26.06.2020 	29,92 	29,06 	29,92 	29,06 	10.221
25.06.2020 	29,47 	29,76 	29,76 	29,21 	2.533
24.06.2020 	30,20 	29,44 	30,20 	29,06 	718
23.06.2020 	30,13 	30,01 	30,45 	29,84 	2.676
22.06.2020 	29,64 	29,82 	30,19 	29,20 	5.250
19.06.2020 	29,84 	29,69 	30,25 	29,64 	5.431
18.06.2020 	29,74 	29,51 	29,86 	29,32 	2.664
17.06.2020 	30,10 	29,54 	30,99 	29,50 	11.840
16.06.2020 	30,34 	29,67 	30,34 	29,46 	12.250
15.06.2020 	29,56 	29,32 	29,56 	28,21 	5.668
12.06.2020 	28,46 	29,00 	29,50 	28,30 	4.151
11.06.2020 	29,81 	28,56 	29,81 	28,51 	9.851
10.06.2020 	30,10 	30,73 	30,78 	30,01 	10.893
09.06.2020 	30,99 	30,34 	30,99 	30,09 	7.492
